128

100.00000000
310.00000000
94.00000000
291.40000000
921600000.00000000
460800000.00000000

1000.00000000
1000.00000000
1000.00000000
1000.00000000
938.00287791
837.63841493
513.89064854
409.57610680
408.25970799
365.46920311
324.20462988
289.71298778
182.87371358
160.81163687
141.34358795
119.41150629
103.53245591
86.86920975
74.90706185
66.79320355
61.45225617
57.13549052
51.86458979
48.59741734
45.97092718
44.20288453
41.86966391
37.09270758
32.49537360
26.11981663
23.42196565
20.91913159
18.68514411
15.83875473
14.48914540
13.06155197
11.90355875
10.97190001
9.55008610
8.43992399
7.68974402
6.97412689
6.30342076
5.82685196
5.33971083
4.87227442
4.43008324
3.96875300
3.54171817
3.21501842
2.96732519
2.69777477
2.43754692
2.21003335
2.00895672
1.82078399
1.65826962
1.50572944
1.36987832
1.22485033
1.10488661
1.00797021
0.91531359
0.82867212
0.75421543
0.69132203
0.62952530
0.57274081
0.52043305
0.47299437
0.43248191
0.39729356
0.36346045
0.33211663
0.30209237
0.27663614
0.25303323
0.23111591
0.21117829
0.19251648
0.17528939
0.16012816
0.14604077
0.13308678
0.12124446
0.11063767
0.10093127
0.09230420
0.08409846
0.07676433
0.07006302
0.06410690
0.05858741
0.05343881
0.04874551
0.04453054
0.04067391
0.03710169
0.03386150
0.03091134
0.02824667
0.02581289
0.02360326
0.02158156
0.01971995
0.01803149
0.01648609
0.01506358
0.01375993
0.01257713
0.01150674
0.01051426
0.00960912
0.00878608
0.00803125
0.00734568
0.00672028
0.00614982
0.00562890
0.00515361
0.00471853
0.00431882
0.00395083
0.00361581
0.00330985
0.00303084
0.00277614
0.00254296

200.00000000
200.00000000
200.00000000
200.00000000
200.00000000
200.00000000
200.00000000
200.00000000
200.00000000
200.00000000
200.00000000
200.00000000
200.00000000
200.00000000
200.00000000
200.00000000
200.00000000
200.00000000
200.00000000
200.00000000
200.00000000
200.00000000
200.00000000
200.00000000
200.00000000
200.00000000
200.00000000
200.00000000
200.00000000
200.00000000
200.00000000
200.00000000
200.00000000
200.00000000
200.00000000
200.00000000
200.00000000
200.00000000
200.00000000
200.00000000
200.00000000
200.00000000
200.00000000
200.00000000
200.00000000
200.00000000
200.00000000
200.00000000
200.00000000
200.00000000
200.00000000
200.00000000
200.00000000
200.00000000
200.00000000
200.00000000
200.00000000
200.00000000
200.00000000
200.00000000
200.00000000
200.00000000
200.00000000
200.00000000
200.00000000
198.75894365
184.14546163
167.53515843
152.23436424
138.35784985
126.50735604
116.21424292
106.31755618
97.14902573
88.36648772
80.92016178
74.01596204
67.60482284
61.77277443
56.31391696
51.27473795
46.83985649
42.71908496
38.92985047
35.46579658
32.36315562
29.52389022
27.00034381
24.60004433
22.45470132
20.49446969
18.75221545
17.13768496
15.63164356
14.25878314
13.02584030
11.89772096
10.85279353
9.90498828
9.04202523
8.26256780
7.55065136
6.90430178
6.31292534
5.76837727
5.27447898
4.82242399
4.40632070
4.02498303
3.67899670
3.36589231
3.07557548
2.81080856
2.57005751
2.34925993
2.14871927
1.96578256
1.79891302
1.64653651
1.50750800
1.38023888
1.26331943
1.15567666
1.05767876
0.96817950
0.88656492
0.81206259
0.74385456

1.00000000
1.00000000
1.00000000
1.00000000
1.00000000
1.00000000
1.00000000
1.00000000
1.00000000
1.00000000
1.00000000
1.00000000
1.00000000
1.00000000
1.00000000
1.00000000
1.00000000
1.00000000
1.00000000
1.00000000
1.00000000
1.00000000
1.00000000
1.00000000
1.00000000
1.00000000
1.00000000
1.00000000
1.00000000
1.00000000
1.00000000
1.00000000
1.00000000
1.00000000
1.00000000
1.00000000
1.00000000
1.00000000
1.00000000
1.00000000
1.00000000
1.00000000
1.00000000
1.00000000
1.00000000
1.00000000
1.00000000
1.00000000
1.00000000
1.00000000
1.00000000
1.00000000
1.00000000
1.00000000
1.00000000
1.00000000
1.00000000
1.00000000
1.00000000
1.00000000
1.00000000
1.00000000
1.00000000
1.00000000
1.00000000
1.00000000
1.00000000
1.00000000
1.00000000
1.00000000
1.00000000
1.00000000
1.00000000
1.00000000
1.00000000
1.00000000
1.00000000
1.00000000
1.00000000
1.00000000
1.00000000
1.00000000
1.00000000
1.00000000
1.00000000
1.00000000
1.00000000
1.00000000
1.00000000
1.00000000
1.00000000
1.00000000
1.00000000
1.00000000
1.00000000
1.00000000
1.00000000
1.00000000
1.00000000
1.00000000
1.00000000
1.00000000
1.00000000
1.00000000
1.00000000
1.00000000
1.00000000
1.00000000
1.00000000
1.00000000
1.00000000
1.00000000
1.00000000
1.00000000
1.00000000
1.00000000
1.00000000
1.00000000
1.00000000
1.00000000
1.00000000
1.00000000
1.00000000
1.00000000
1.00000000
1.00000000
1.00000000
1.00000000

1.00000000
1.00000000
1.00000000
1.00000000
1.00000000
1.00000000
1.00000000
1.00000000
1.00000000
1.00000000
1.00000000
1.00000000
2.00000000
2.00000000
2.00000000
2.00000000
2.00000000
3.00000000
3.00000000
3.00000000
4.00000000
4.00000000
4.00000000
4.00000000
5.00000000
5.00000000
5.00000000
6.00000000
6.00000000
8.00000000
9.00000000
10.00000000
11.00000000
13.00000000
14.00000000
15.00000000
17.00000000
18.00000000
20.00000000
23.00000000
25.00000000
28.00000000
31.00000000
33.00000000
36.00000000
40.00000000
43.00000000
48.00000000
54.00000000
60.00000000
65.00000000
71.00000000
79.00000000
87.00000000
95.00000000
105.00000000
115.00000000
127.00000000
139.00000000
156.00000000
173.00000000
189.00000000
208.00000000
230.00000000
253.00000000
276.00000000
303.00000000
333.00000000
366.00000000
403.00000000
440.00000000
479.00000000
524.00000000
573.00000000
630.00000000
688.00000000
752.00000000
823.00000000
901.00000000
988.00000000
1085.00000000
1188.00000000
1303.00000000
1429.00000000
1569.00000000
1719.00000000
1885.00000000
2061.00000000
2262.00000000
2478.00000000
2715.00000000
2967.00000000
3246.00000000
3559.00000000
3902.00000000
4271.00000000
4676.00000000
5126.00000000
5616.00000000
6152.00000000
6733.00000000
7367.00000000
8057.00000000
8812.00000000
9644.00000000
10546.00000000
11535.00000000
12624.00000000
13820.00000000
15120.00000000
16526.00000000
18086.00000000
19790.00000000
21644.00000000
23678.00000000
25887.00000000
28296.00000000
30921.00000000
33783.00000000
36898.00000000
40300.00000000
44030.00000000
48131.00000000
52590.00000000
57452.00000000
62740.00000000
68496.00000000
74775.00000000
